
# Обзор датчиков

В обзоре участвуют

* [VBOX Sport](https://www.vboxmotorsport.co.uk/store/index.php?route=product/product&product_id=120)
* [XGPS150A](https://gps.dualav.com/explore-by-product/xgps150a)
* [XGPS160](https://gps.dualav.com/explore-by-product/xgps160)
* [Qstarz BT-Q818XT](http://racing.qstarz.com/Products/BT-Q818XT.html)

Датчики были установлены вдоль продольной оси автомобиля, работали одновременно на одних и тех же проездах. Все датчики были крепко зафиксированы.
Замеры проходили в течение одного трек дня (2 часа), без изменений погодных условий.

## Сравнение

Сравнение происходило по

* [частоте обновления]
* [спутникам]
* [точности координат (DOP)]
* [времени прохождения круга]
* [скорости в различных точках круга]
* [координат в различных точках круга]

### По частоте обновления.

 Vbox, XGPS160 и Qstarz заявляют обновление до 10Hz, XGPS150A - 5Hz.

По результатам замеров данные следующие:

* Vbox рапортует о частоте ровно 10Hz в 100% случаев.
* XGPS150 держит 5Hz в 99.5% точек, и более  4Hz в 100%
* XGPS160 держит 10Hz в 98.5% точек, и более 6Hz в 100%
* QStarz держит 10Hz в 59% точек, более 8Hz в 97% точек и более 6Hz в 100% точек

### По количеству спутников

* Vbox стабильно рапортует 12 спутников в 100% точек
* XGPS150 держал 11-14 спутников с равномерным распределением.
* XGPS160 держал 16-21 спутник. В 96% точек поддерживал связь с не менее 18 спутниками
* QStarz держал 8-14 спутников, В 93% точек поддерживал связь с не менее 11 спутниками

### Показания DOP

[DOP](https://ru.wikipedia.org/wiki/DOP) это показатель снижения точности координат. Низкие значения - выше точность.

* Vbox - 100% DOP <= 1 
* QStarz - 92% DOP <= 1
* XGPS150 - 96% DOP <= 1
* XGPS160 - 100% DOP <= 1

### Время прохождения круга.

Сравнивались показания оф. телеметрии с показаниями конкретного датчика.

| Расхождения        | Минимальное           | Масимальное   | Среднее  |
| ------------- |-------------:| -----:| --- |
| Vbox     | 0.01 | 0.17 | 0.068 |
| XGPS150      | 0.01      |   0.16 | 0.067 |
| XGSP160 | 0.01      |    0.09 | 0.050 |
| QStarz | 0.01      |    0.14 | 0.075 |


### Скорость в точке

Здесь сравнивались показания датчиков между собой, т.к. официальных данных о скорости в какой-либо точки трека нет.

Средняя разница в показаниях (в кмч)

|         | vbox  | xgps160 | xgps150 | qstarz |
| ------- | -----:| -------:| -------:| ------:|
| vbox    | 0.0   | 0.447   | 1.45    | 0.938  |
| xgps160 | 0.447 | 0.0     | 1.39    | 0.921  |
| xgps150 | 1.45  | 1.39    | 0.0     | 1.403  |
| qstarz  | 0.938 | 0.921   | 1.403   | 0.0    |

Стандартное отклонение позволяет оценить разброс показаний относительно друг друга. 


|         | vbox  | xgps160 | xgps150 | qstarz |
| ------- | -----:| -------:| -------:| ------:|
| vbox    | 0.0   | 0.292   | 0.987   | 0.704  |
| xgps160 | 0.292 | 0.0     | 0.957   | 0.676  |
| xgps150 | 0.987 | 0.957   | 0.0     | 0.977  |
| qstarz  | 0.704 | 0.676   | 0.977   | 0.0    |


Пиковые значения разброса (кмч):


|         | vbox  | xgps160 | xgps150 | qstarz |
| ------- | -----:| -------:| -------:| ------:|
| vbox    | 0.0    | 5.09    | 17.647  | 15.037 |
| xgps160 | 5.09   | 0.0     | 18.518  | 14.407 |
| xgps150 | 17.647 | 18.518  | 0.0     | 15.073 |
| qstarz  | 15.037 | 14.407  | 15.073  | 0.0    |


### Координаты в точке

Аналогично скорости сравнивались показания датчиков между собой, т.к. официальных данных о координатах в какой-либо точки трека нет.

Средняя разница в показаниях (в метрах)

|         | vbox  | xgps160 | xgps150 | qstarz |
| ------- | -----:| -------:| -------:| ------:|
| vbox    | 0.0   | 2.688   | 6.078   | 2.925  |
| xgps160 | 2.688 | 0.0     | 4.11    | 3.39   |
| xgps150 | 6.078 | 4.11    | 0.0     | 6.459  |
| qstarz  | 2.925 | 3.39    | 6.459   | 0.0    |

Стандартное отклонение координат (в метрах)

|         | vbox  | xgps160 | xgps150 | qstarz |
| ------- | -----:| -------:| -------:| ------:|
| vbox    | 0.0   | 1.232   | 2.436   | 1.085  |
| xgps160 | 1.232 | 0.0     | 1.588   | 0.976  |
| xgps150 | 2.436 | 1.588   | 0.0     | 2.472  |
| qstarz  | 1.085 | 0.976   | 2.472   | 0.0    |

Пиковые отклонения координат (в метрах)

|         | vbox  | xgps160 | xgps150 | qstarz |
| ------- | -----:| -------:| -------:| ------:|
| vbox    | 0.0   | 7.825   | 19.77   | 8.955  |
| xgps160 | 7.825 | 0.0     | 14.382  | 8.24   |
| xgps150 | 19.77 | 14.382  | 0.0     | 17.826 |
| qstarz  | 8.955 | 8.24    | 17.826  | 0.0    |

Типичная картинка сравнения разных датчиков на одном и том же круге выглядит примерно так:

![GPS_MAP](gps_map.png "GPS_MAP")

Vbox - синий, XGPS160 - красный, XGPS150 - зеленый, Qstarz - желтый.


### Выводы

делайте сами :)

### Полезные советы по датчикам

1. Точно выставленные точки старт\финиш - залог более точного времени круга.
2. Надежно фиксируйте датчики И телефоны,плохо закрепленный датчик даст плохие результаты даже на 10Hz.
3. Постарайтесь зафиксировать датчик так, чтобы над ним небыло железных предметов (крыша) или других материалов мешающий сигналу. Под лобовым стеклом  - хорошее место. Крепить можно на липучки 3M
4. Не отвлекайтесь на показания телеметрии во время езды. Это не безопасно!
